0.000000e+000 1.000000e+000 1.000000e+000 0.000000e+000 0.000000e+000
1.000000e-001 9.950042e-001 9.950042e-001 -9.983333e-002 -9.983342e-002
2.000000e-001 9.800666e-001 9.800666e-001 -1.986692e-001 -1.986693e-001
3.000000e-001 9.553365e-001 9.553365e-001 -2.955200e-001 -2.955202e-001
4.000000e-001 9.210611e-001 9.210610e-001 -3.894180e-001 -3.894183e-001
5.000000e-001 8.775827e-001 8.775826e-001 -4.794252e-001 -4.794255e-001
6.000000e-001 8.253359e-001 8.253356e-001 -5.646420e-001 -5.646425e-001
7.000000e-001 7.648425e-001 7.648422e-001 -6.442172e-001 -6.442177e-001
8.000000e-001 6.967071e-001 6.967067e-001 -7.173556e-001 -7.173561e-001
9.000000e-001 6.216105e-001 6.216100e-001 -7.833264e-001 -7.833269e-001
1.000000e+000 5.403030e-001 5.403023e-001 -8.414705e-001 -8.414710e-001
1.100000e+000 4.535969e-001 4.535961e-001 -8.912069e-001 -8.912074e-001
1.200000e+000 3.623587e-001 3.623578e-001 -9.320386e-001 -9.320391e-001
1.300000e+000 2.674998e-001 2.674988e-001 -9.635578e-001 -9.635582e-001
1.400000e+000 1.699683e-001 1.699671e-001 -9.854494e-001 -9.854497e-001
1.500000e+000 7.073844e-002 7.073720e-002 -9.974948e-001 -9.974950e-001
1.600000e+000 -2.919819e-002 -2.919952e-002 -9.995735e-001 -9.995736e-001
1.700000e+000 -1.288431e-001 -1.288445e-001 -9.916649e-001 -9.916648e-001
1.800000e+000 -2.272006e-001 -2.272021e-001 -9.738478e-001 -9.738476e-001
1.900000e+000 -3.232880e-001 -3.232896e-001 -9.463005e-001 -9.463001e-001
2.000000e+000 -4.161453e-001 -4.161468e-001 -9.092980e-001 -9.092974e-001
2.100000e+000 -5.048445e-001 -5.048461e-001 -8.632101e-001 -8.632094e-001
2.200000e+000 -5.884996e-001 -5.885011e-001 -8.084974e-001 -8.084964e-001
2.300000e+000 -6.662745e-001 -6.662760e-001 -7.457064e-001 -7.457052e-001
2.400000e+000 -7.373922e-001 -7.373937e-001 -6.754645e-001 -6.754632e-001
2.500000e+000 -8.011422e-001 -8.011436e-001 -5.984737e-001 -5.984721e-001
2.600000e+000 -8.568875e-001 -8.568888e-001 -5.155031e-001 -5.155014e-001
2.700000e+000 -9.040710e-001 -9.040721e-001 -4.273818e-001 -4.273799e-001
2.800000e+000 -9.422214e-001 -9.422223e-001 -3.349903e-001 -3.349882e-001
2.900000e+000 -9.709574e-001 -9.709582e-001 -2.392516e-001 -2.392493e-001
3.000000e+000 -9.899919e-001 -9.899925e-001 -1.411224e-001 -1.411200e-001
3.100000e+000 -9.991348e-001 -9.991352e-001 -4.158323e-002 -4.158066e-002
3.200000e+000 -9.982947e-001 -9.982948e-001 5.837148e-002 5.837414e-002
3.300000e+000 -9.874800e-001 -9.874798e-001 1.577430e-001 1.577457e-001
3.400000e+000 -9.667987e-001 -9.667982e-001 2.555383e-001 2.555411e-001
3.500000e+000 -9.364575e-001 -9.364567e-001 3.507804e-001 3.507832e-001
3.600000e+000 -8.967595e-001 -8.967584e-001 4.425177e-001 4.425204e-001
3.700000e+000 -8.481014e-001 -8.481000e-001 5.298334e-001 5.298361e-001
3.800000e+000 -7.909694e-001 -7.909677e-001 6.118552e-001 6.118579e-001
3.900000e+000 -7.259343e-001 -7.259323e-001 6.877636e-001 6.877662e-001
4.000000e+000 -6.536460e-001 -6.536436e-001 7.568001e-001 7.568025e-001
4.100000e+000 -5.748266e-001 -5.748239e-001 8.182749e-001 8.182771e-001
4.200000e+000 -4.902637e-001 -4.902608e-001 8.715738e-001 8.715758e-001
4.300000e+000 -4.008023e-001 -4.007992e-001 9.161642e-001 9.161659e-001
4.400000e+000 -3.073363e-001 -3.073329e-001 9.516007e-001 9.516021e-001
4.500000e+000 -2.107994e-001 -2.107958e-001 9.775290e-001 9.775301e-001
4.600000e+000 -1.121563e-001 -1.121525e-001 9.936903e-001 9.936910e-001
4.700000e+000 -1.239256e-002 -1.238866e-002 9.999229e-001 9.999233e-001
4.800000e+000 8.749498e-002 8.749898e-002 9.961646e-001 9.961646e-001
4.900000e+000 1.865083e-001 1.865124e-001 9.824530e-001 9.824526e-001
5.000000e+000 2.836581e-001 2.836622e-001 9.589251e-001 9.589243e-001
5.100000e+000 3.779737e-001 3.779777e-001 9.258160e-001 9.258147e-001
5.200000e+000 4.685127e-001 4.685167e-001 8.834564e-001 8.834547e-001
5.300000e+000 5.543705e-001 5.543743e-001 8.322696e-001 8.322674e-001
5.400000e+000 6.346892e-001 6.346929e-001 7.727670e-001 7.727645e-001
5.500000e+000 7.086663e-001 7.086698e-001 7.055433e-001 7.055403e-001
5.600000e+000 7.755626e-001 7.755659e-001 6.312700e-001 6.312666e-001
5.700000e+000 8.347098e-001 8.347128e-001 5.506893e-001 5.506855e-001
5.800000e+000 8.855169e-001 8.855195e-001 4.646063e-001 4.646022e-001
5.900000e+000 9.274762e-001 9.274784e-001 3.738811e-001 3.738767e-001
6.000000e+000 9.601685e-001 9.601703e-001 2.794202e-001 2.794155e-001
6.100000e+000 9.832671e-001 9.832684e-001 1.821674e-001 1.821625e-001
6.200000e+000 9.965412e-001 9.965421e-001 8.309450e-002 8.308940e-002
6.300000e+000 9.998583e-001 9.998586e-001 -1.680866e-002 -1.681390e-002
6.400000e+000 9.931851e-001 9.931849e-001 -1.165439e-001 -1.165492e-001
6.500000e+000 9.765883e-001 9.765876e-001 -2.151146e-001 -2.151200e-001
6.600000e+000 9.502339e-001 9.502326e-001 -3.115360e-001 -3.115414e-001
6.700000e+000 9.143850e-001 9.143831e-001 -4.048446e-001 -4.048499e-001
6.800000e+000 8.693999e-001 8.693975e-001 -4.941082e-001 -4.941134e-001
6.900000e+000 8.157280e-001 8.157251e-001 -5.784348e-001 -5.784398e-001
7.000000e+000 7.539057e-001 7.539023e-001 -6.569819e-001 -6.569866e-001
7.100000e+000 6.845506e-001 6.845467e-001 -7.289646e-001 -7.289690e-001
7.200000e+000 6.083558e-001 6.083513e-001 -7.936638e-001 -7.936679e-001
7.300000e+000 5.260824e-001 5.260775e-001 -8.504330e-001 -8.504366e-001
7.400000e+000 4.385526e-001 4.385473e-001 -8.987049e-001 -8.987081e-001
7.500000e+000 3.466410e-001 3.466353e-001 -9.379973e-001 -9.380000e-001
7.600000e+000 2.512658e-001 2.512598e-001 -9.679176e-001 -9.679197e-001
7.700000e+000 1.533801e-001 1.533739e-001 -9.881667e-001 -9.881682e-001
7.800000e+000 5.396186e-002 5.395542e-002 -9.985425e-001 -9.985433e-001
7.900000e+000 -4.599555e-002 -4.600213e-002 -9.989411e-001 -9.989413e-001
8.000000e+000 -1.454934e-001 -1.455000e-001 -9.893587e-001 -9.893582e-001
8.100000e+000 -2.435375e-001 -2.435442e-001 -9.698909e-001 -9.698898e-001
8.200000e+000 -3.391483e-001 -3.391549e-001 -9.407323e-001 -9.407306e-001
8.300000e+000 -4.313704e-001 -4.313768e-001 -9.021743e-001 -9.021718e-001
8.400000e+000 -5.192824e-001 -5.192887e-001 -8.546020e-001 -8.545989e-001
8.500000e+000 -6.020059e-001 -6.020119e-001 -7.984909e-001 -7.984871e-001
8.600000e+000 -6.787144e-001 -6.787200e-001 -7.344015e-001 -7.343971e-001
8.700000e+000 -7.486414e-001 -7.486466e-001 -6.629742e-001 -6.629692e-001
8.800000e+000 -8.110882e-001 -8.110930e-001 -5.849228e-001 -5.849172e-001
8.900000e+000 -8.654310e-001 -8.654352e-001 -5.010269e-001 -5.010209e-001
9.000000e+000 -9.111266e-001 -9.111303e-001 -4.121250e-001 -4.121185e-001
9.100000e+000 -9.477186e-001 -9.477216e-001 -3.191053e-001 -3.190984e-001
9.200000e+000 -9.748413e-001 -9.748436e-001 -2.228972e-001 -2.228899e-001
9.300000e+000 -9.922237e-001 -9.922253e-001 -1.244620e-001 -1.244544e-001
9.400000e+000 -9.996922e-001 -9.996930e-001 -2.478321e-002 -2.477543e-002
9.500000e+000 -9.971721e-001 -9.971722e-001 7.514320e-002 7.515112e-002
9.600000e+000 -9.846886e-001 -9.846879e-001 1.743188e-001 1.743268e-001
9.700000e+000 -9.623664e-001 -9.623649e-001 2.717527e-001 2.717606e-001
9.800000e+000 -9.304286e-001 -9.304263e-001 3.664713e-001 3.664791e-001
9.900000e+000 -8.891943e-001 -8.891912e-001 4.575283e-001 4.575359e-001
1.000000e+001 -8.390755e-001 -8.390715e-001 5.440138e-001 5.440211e-001
