0.000000e+000 9.000000e-001 1.100000e+000
1.000000e-001 8.911128e-001 1.097711e+000
2.000000e-001 8.825264e-001 1.095236e+000
3.000000e-001 8.742498e-001 1.092582e+000
4.000000e-001 8.662909e-001 1.089757e+000
5.000000e-001 8.586567e-001 1.086770e+000
6.000000e-001 8.513532e-001 1.083628e+000
7.000000e-001 8.443858e-001 1.080342e+000
8.000000e-001 8.377588e-001 1.076918e+000
9.000000e-001 8.314762e-001 1.073366e+000
1.000000e+000 8.255408e-001 1.069694e+000
1.100000e+000 8.199554e-001 1.065911e+000
1.200000e+000 8.147219e-001 1.062026e+000
1.300000e+000 8.098417e-001 1.058048e+000
1.400000e+000 8.053160e-001 1.053984e+000
1.500000e+000 8.011453e-001 1.049844e+000
1.600000e+000 7.973301e-001 1.045636e+000
1.700000e+000 7.938703e-001 1.041368e+000
1.800000e+000 7.907656e-001 1.037049e+000
1.900000e+000 7.880156e-001 1.032686e+000
2.000000e+000 7.856195e-001 1.028287e+000
2.100000e+000 7.835764e-001 1.023861e+000
2.200000e+000 7.818854e-001 1.019415e+000
2.300000e+000 7.805451e-001 1.014957e+000
2.400000e+000 7.795544e-001 1.010494e+000
2.500000e+000 7.789118e-001 1.006033e+000
2.600000e+000 7.786159e-001 1.001582e+000
2.700000e+000 7.786650e-001 9.971474e-001
2.800000e+000 7.790577e-001 9.927359e-001
2.900000e+000 7.797921e-001 9.883544e-001
3.000000e+000 7.808666e-001 9.840094e-001
3.100000e+000 7.822793e-001 9.797072e-001
3.200000e+000 7.840283e-001 9.754541e-001
3.300000e+000 7.861118e-001 9.712561e-001
3.400000e+000 7.885277e-001 9.671193e-001
3.500000e+000 7.912740e-001 9.630493e-001
3.600000e+000 7.943483e-001 9.590519e-001
3.700000e+000 7.977485e-001 9.551326e-001
3.800000e+000 8.014720e-001 9.512968e-001
3.900000e+000 8.055164e-001 9.475499e-001
4.000000e+000 8.098788e-001 9.438968e-001
4.100000e+000 8.145565e-001 9.403428e-001
4.200000e+000 8.195462e-001 9.368927e-001
4.300000e+000 8.248446e-001 9.335513e-001
4.400000e+000 8.304482e-001 9.303234e-001
4.500000e+000 8.363530e-001 9.272135e-001
4.600000e+000 8.425549e-001 9.242261e-001
4.700000e+000 8.490493e-001 9.213656e-001
4.800000e+000 8.558313e-001 9.186363e-001
4.900000e+000 8.628956e-001 9.160423e-001
5.000000e+000 8.702365e-001 9.135877e-001
5.100000e+000 8.778475e-001 9.112765e-001
5.200000e+000 8.857222e-001 9.091125e-001
5.300000e+000 8.938530e-001 9.070996e-001
5.400000e+000 9.022321e-001 9.052412e-001
5.500000e+000 9.108511e-001 9.035411e-001
5.600000e+000 9.197006e-001 9.020025e-001
5.700000e+000 9.287708e-001 9.006288e-001
5.800000e+000 9.380512e-001 8.994232e-001
5.900000e+000 9.475302e-001 8.983887e-001
6.000000e+000 9.571957e-001 8.975282e-001
6.100000e+000 9.670347e-001 8.968445e-001
6.200000e+000 9.770332e-001 8.963402e-001
6.300000e+000 9.871765e-001 8.960177e-001
6.400000e+000 9.974489e-001 8.958793e-001
6.500000e+000 1.007834e+000 8.959271e-001
6.600000e+000 1.018313e+000 8.961629e-001
6.700000e+000 1.028869e+000 8.965885e-001
6.800000e+000 1.039482e+000 8.972052e-001
6.900000e+000 1.050131e+000 8.980143e-001
7.000000e+000 1.060795e+000 8.990167e-001
7.100000e+000 1.071451e+000 9.002130e-001
7.200000e+000 1.082077e+000 9.016037e-001
7.300000e+000 1.092648e+000 9.031887e-001
7.400000e+000 1.103139e+000 9.049678e-001
7.500000e+000 1.113525e+000 9.069403e-001
7.600000e+000 1.123778e+000 9.091052e-001
7.700000e+000 1.133873e+000 9.114611e-001
7.800000e+000 1.143780e+000 9.140062e-001
7.900000e+000 1.153473e+000 9.167382e-001
8.000000e+000 1.162923e+000 9.196544e-001
8.100000e+000 1.172100e+000 9.227515e-001
8.200000e+000 1.180977e+000 9.260260e-001
8.300000e+000 1.189523e+000 9.294736e-001
8.400000e+000 1.197712e+000 9.330896e-001
8.500000e+000 1.205513e+000 9.368687e-001
8.600000e+000 1.212900e+000 9.408051e-001
8.700000e+000 1.219845e+000 9.448924e-001
8.800000e+000 1.226322e+000 9.491237e-001
8.900000e+000 1.232305e+000 9.534914e-001
9.000000e+000 1.237770e+000 9.579875e-001
9.100000e+000 1.242695e+000 9.626033e-001
9.200000e+000 1.247058e+000 9.673295e-001
9.300000e+000 1.250839e+000 9.721564e-001
9.400000e+000 1.254021e+000 9.770737e-001
9.500000e+000 1.256588e+000 9.820706e-001
9.600000e+000 1.258527e+000 9.871357e-001
9.700000e+000 1.259827e+000 9.922573e-001
9.800000e+000 1.260478e+000 9.974231e-001
9.900000e+000 1.260475e+000 1.002621e+000
1.000000e+001 1.259814e+000 1.007837e+000
