-5.000000e-001 9.995007e-001 9.995007e-001
-4.949749e-001 9.994757e-001 9.994757e-001
-4.899497e-001 9.994510e-001 9.994510e-001
-4.849246e-001 9.994265e-001 9.994265e-001
-4.798995e-001 9.994023e-001 9.994023e-001
-4.748744e-001 9.993784e-001 9.993784e-001
-4.698492e-001 9.993547e-001 9.993547e-001
-4.648241e-001 9.993312e-001 9.993312e-001
-4.597990e-001 9.993080e-001 9.993080e-001
-4.547739e-001 9.992851e-001 9.992851e-001
-4.497487e-001 9.992624e-001 9.992624e-001
-4.447236e-001 9.992399e-001 9.992399e-001
-4.396985e-001 9.992177e-001 9.992177e-001
-4.346734e-001 9.991958e-001 9.991958e-001
-4.296482e-001 9.991741e-001 9.991741e-001
-4.246231e-001 9.991527e-001 9.991527e-001
-4.195980e-001 9.991315e-001 9.991315e-001
-4.145729e-001 9.991106e-001 9.991106e-001
-4.095477e-001 9.990899e-001 9.990899e-001
-4.045226e-001 9.990695e-001 9.990695e-001
-3.994975e-001 9.990493e-001 9.990493e-001
-3.944724e-001 9.990294e-001 9.990294e-001
-3.894472e-001 9.990097e-001 9.990097e-001
-3.844221e-001 9.989903e-001 9.989903e-001
-3.793970e-001 9.989711e-001 9.989711e-001
-3.743719e-001 9.989522e-001 9.989522e-001
-3.693467e-001 9.989336e-001 9.989336e-001
-3.643216e-001 9.989152e-001 9.989152e-001
-3.592965e-001 9.988970e-001 9.988970e-001
-3.542714e-001 9.988791e-001 9.988791e-001
-3.492462e-001 9.988615e-001 9.988615e-001
-3.442211e-001 9.988441e-001 9.988441e-001
-3.391960e-001 9.988269e-001 9.988269e-001
-3.341709e-001 9.988100e-001 9.988100e-001
-3.291457e-001 9.987934e-001 9.987934e-001
-3.241206e-001 9.987770e-001 9.987770e-001
-3.190955e-001 9.987609e-001 9.987609e-001
-3.140704e-001 9.987450e-001 9.987450e-001
-3.090452e-001 9.987293e-001 9.987293e-001
-3.040201e-001 9.987140e-001 9.987140e-001
-2.989950e-001 9.986988e-001 9.986988e-001
-2.939698e-001 9.986840e-001 9.986840e-001
-2.889447e-001 9.986693e-001 9.986693e-001
-2.839196e-001 9.986550e-001 9.986550e-001
-2.788945e-001 9.986408e-001 9.986408e-001
-2.738693e-001 9.986270e-001 9.986270e-001
-2.688442e-001 9.986134e-001 9.986134e-001
-2.638191e-001 9.986000e-001 9.986000e-001
-2.587940e-001 9.985869e-001 9.985869e-001
-2.537688e-001 9.985740e-001 9.985740e-001
-2.487437e-001 9.985614e-001 9.985614e-001
-2.437186e-001 9.985491e-001 9.985491e-001
-2.386935e-001 9.985370e-001 9.985370e-001
-2.336683e-001 9.985251e-001 9.985251e-001
-2.286432e-001 9.985135e-001 9.985135e-001
-2.236181e-001 9.985022e-001 9.985022e-001
-2.185930e-001 9.984911e-001 9.984911e-001
-2.135678e-001 9.984803e-001 9.984803e-001
-2.085427e-001 9.984697e-001 9.984697e-001
-2.035176e-001 9.984593e-001 9.984593e-001
-1.984925e-001 9.984492e-001 9.984492e-001
-1.934673e-001 9.984394e-001 9.984394e-001
-1.884422e-001 9.984298e-001 9.984298e-001
-1.834171e-001 9.984205e-001 9.984205e-001
-1.783920e-001 9.984114e-001 9.984114e-001
-1.733668e-001 9.984026e-001 9.984026e-001
-1.683417e-001 9.983940e-001 9.983940e-001
-1.633166e-001 9.983857e-001 9.983857e-001
-1.582915e-001 9.983777e-001 9.983777e-001
-1.532663e-001 9.983698e-001 9.983698e-001
-1.482412e-001 9.983623e-001 9.983623e-001
-1.432161e-001 9.983550e-001 9.983550e-001
-1.381910e-001 9.983479e-001 9.983479e-001
-1.331658e-001 9.983411e-001 9.983411e-001
-1.281407e-001 9.983345e-001 9.983345e-001
-1.231156e-001 9.983282e-001 9.983282e-001
-1.180905e-001 9.983222e-001 9.983222e-001
-1.130653e-001 9.983164e-001 9.983164e-001
-1.080402e-001 9.983109e-001 9.983109e-001
-1.030151e-001 9.983056e-001 9.983056e-001
-9.798995e-002 9.983005e-001 9.983005e-001
-9.296482e-002 9.982957e-001 9.982957e-001
-8.793970e-002 9.982912e-001 9.982912e-001
-8.291457e-002 9.982869e-001 9.982869e-001
-7.788945e-002 9.982829e-001 9.982829e-001
-7.286432e-002 9.982791e-001 9.982791e-001
-6.783920e-002 9.982756e-001 9.982756e-001
-6.281407e-002 9.982723e-001 9.982723e-001
-5.778894e-002 9.982693e-001 9.982693e-001
-5.276382e-002 9.982665e-001 9.982665e-001
-4.773869e-002 9.982640e-001 9.982640e-001
-4.271357e-002 9.982617e-001 9.982617e-001
-3.768844e-002 9.982597e-001 9.982597e-001
-3.266332e-002 9.982579e-001 9.982579e-001
-2.763819e-002 9.982564e-001 9.982564e-001
-2.261307e-002 9.982551e-001 9.982551e-001
-1.758794e-002 9.982541e-001 9.982541e-001
-1.256281e-002 9.982534e-001 9.982534e-001
-7.537688e-003 9.982529e-001 9.982529e-001
-2.512563e-003 9.982526e-001 9.982526e-001
2.512563e-003 9.982526e-001 9.982526e-001
7.537688e-003 9.982529e-001 9.982529e-001
1.256281e-002 9.982534e-001 9.982534e-001
1.758794e-002 9.982541e-001 9.982541e-001
2.261307e-002 9.982551e-001 9.982551e-001
2.763819e-002 9.982564e-001 9.982564e-001
3.266332e-002 9.982579e-001 9.982579e-001
3.768844e-002 9.982597e-001 9.982597e-001
4.271357e-002 9.982617e-001 9.982617e-001
4.773869e-002 9.982640e-001 9.982640e-001
5.276382e-002 9.982665e-001 9.982665e-001
5.778894e-002 9.982693e-001 9.982693e-001
6.281407e-002 9.982723e-001 9.982723e-001
6.783920e-002 9.982756e-001 9.982756e-001
7.286432e-002 9.982791e-001 9.982791e-001
7.788945e-002 9.982829e-001 9.982829e-001
8.291457e-002 9.982869e-001 9.982869e-001
8.793970e-002 9.982912e-001 9.982912e-001
9.296482e-002 9.982957e-001 9.982957e-001
9.798995e-002 9.983005e-001 9.983005e-001
1.030151e-001 9.983056e-001 9.983056e-001
1.080402e-001 9.983109e-001 9.983109e-001
1.130653e-001 9.983164e-001 9.983164e-001
1.180905e-001 9.983222e-001 9.983222e-001
1.231156e-001 9.983282e-001 9.983282e-001
1.281407e-001 9.983345e-001 9.983345e-001
1.331658e-001 9.983411e-001 9.983411e-001
1.381910e-001 9.983479e-001 9.983479e-001
1.432161e-001 9.983550e-001 9.983550e-001
1.482412e-001 9.983623e-001 9.983623e-001
1.532663e-001 9.983698e-001 9.983698e-001
1.582915e-001 9.983777e-001 9.983777e-001
1.633166e-001 9.983857e-001 9.983857e-001
1.683417e-001 9.983940e-001 9.983940e-001
1.733668e-001 9.984026e-001 9.984026e-001
1.783920e-001 9.984114e-001 9.984114e-001
1.834171e-001 9.984205e-001 9.984205e-001
1.884422e-001 9.984298e-001 9.984298e-001
1.934673e-001 9.984394e-001 9.984394e-001
1.984925e-001 9.984492e-001 9.984492e-001
2.035176e-001 9.984593e-001 9.984593e-001
2.085427e-001 9.984697e-001 9.984697e-001
2.135678e-001 9.984803e-001 9.984803e-001
2.185930e-001 9.984911e-001 9.984911e-001
2.236181e-001 9.985022e-001 9.985022e-001
2.286432e-001 9.985135e-001 9.985135e-001
2.336683e-001 9.985251e-001 9.985251e-001
2.386935e-001 9.985370e-001 9.985370e-001
2.437186e-001 9.985491e-001 9.985491e-001
2.487437e-001 9.985614e-001 9.985614e-001
2.537688e-001 9.985740e-001 9.985740e-001
2.587940e-001 9.985869e-001 9.985869e-001
2.638191e-001 9.986000e-001 9.986000e-001
2.688442e-001 9.986134e-001 9.986134e-001
2.738693e-001 9.986270e-001 9.986270e-001
2.788945e-001 9.986408e-001 9.986408e-001
2.839196e-001 9.986550e-001 9.986550e-001
2.889447e-001 9.986693e-001 9.986693e-001
2.939698e-001 9.986840e-001 9.986840e-001
2.989950e-001 9.986988e-001 9.986988e-001
3.040201e-001 9.987140e-001 9.987140e-001
3.090452e-001 9.987293e-001 9.987293e-001
3.140704e-001 9.987450e-001 9.987450e-001
3.190955e-001 9.987609e-001 9.987609e-001
3.241206e-001 9.987770e-001 9.987770e-001
3.291457e-001 9.987934e-001 9.987934e-001
3.341709e-001 9.988100e-001 9.988100e-001
3.391960e-001 9.988269e-001 9.988269e-001
3.442211e-001 9.988441e-001 9.988441e-001
3.492462e-001 9.988615e-001 9.988615e-001
3.542714e-001 9.988791e-001 9.988791e-001
3.592965e-001 9.988970e-001 9.988970e-001
3.643216e-001 9.989152e-001 9.989152e-001
3.693467e-001 9.989336e-001 9.989336e-001
3.743719e-001 9.989522e-001 9.989522e-001
3.793970e-001 9.989711e-001 9.989711e-001
3.844221e-001 9.989903e-001 9.989903e-001
3.894472e-001 9.990097e-001 9.990097e-001
3.944724e-001 9.990294e-001 9.990294e-001
3.994975e-001 9.990493e-001 9.990493e-001
4.045226e-001 9.990695e-001 9.990695e-001
4.095477e-001 9.990899e-001 9.990899e-001
4.145729e-001 9.991106e-001 9.991106e-001
4.195980e-001 9.991315e-001 9.991315e-001
4.246231e-001 9.991527e-001 9.991527e-001
4.296482e-001 9.991741e-001 9.991741e-001
4.346734e-001 9.991958e-001 9.991958e-001
4.396985e-001 9.992177e-001 9.992177e-001
4.447236e-001 9.992399e-001 9.992399e-001
4.497487e-001 9.992624e-001 9.992624e-001
4.547739e-001 9.992851e-001 9.992851e-001
4.597990e-001 9.993080e-001 9.993080e-001
4.648241e-001 9.993312e-001 9.993312e-001
4.698492e-001 9.993547e-001 9.993547e-001
4.748744e-001 9.993784e-001 9.993784e-001
4.798995e-001 9.994023e-001 9.994023e-001
4.849246e-001 9.994265e-001 9.994265e-001
4.899497e-001 9.994510e-001 9.994510e-001
4.949749e-001 9.994757e-001 9.994757e-001
5.000000e-001 9.995007e-001 9.995007e-001
