-5.000000e-001 9.524915e-001
-4.949749e-001 9.524675e-001
-4.899497e-001 9.524433e-001
-4.849246e-001 9.524188e-001
-4.798995e-001 9.523940e-001
-4.748744e-001 9.523690e-001
-4.698492e-001 9.523438e-001
-4.648241e-001 9.523182e-001
-4.597990e-001 9.522924e-001
-4.547739e-001 9.522663e-001
-4.497487e-001 9.522399e-001
-4.447236e-001 9.522133e-001
-4.396985e-001 9.521863e-001
-4.346734e-001 9.521590e-001
-4.296482e-001 9.521314e-001
-4.246231e-001 9.521034e-001
-4.195980e-001 9.520752e-001
-4.145729e-001 9.520466e-001
-4.095477e-001 9.520176e-001
-4.045226e-001 9.519883e-001
-3.994975e-001 9.519586e-001
-3.944724e-001 9.519286e-001
-3.894472e-001 9.518981e-001
-3.844221e-001 9.518673e-001
-3.793970e-001 9.518361e-001
-3.743719e-001 9.518044e-001
-3.693467e-001 9.517723e-001
-3.643216e-001 9.517398e-001
-3.592965e-001 9.517069e-001
-3.542714e-001 9.516734e-001
-3.492462e-001 9.516395e-001
-3.442211e-001 9.516051e-001
-3.391960e-001 9.515702e-001
-3.341709e-001 9.515348e-001
-3.291457e-001 9.514989e-001
-3.241206e-001 9.514624e-001
-3.190955e-001 9.514253e-001
-3.140704e-001 9.513876e-001
-3.090452e-001 9.513493e-001
-3.040201e-001 9.513105e-001
-2.989950e-001 9.512709e-001
-2.939698e-001 9.512307e-001
-2.889447e-001 9.511898e-001
-2.839196e-001 9.511482e-001
-2.788945e-001 9.511058e-001
-2.738693e-001 9.510627e-001
-2.688442e-001 9.510188e-001
-2.638191e-001 9.509740e-001
-2.587940e-001 9.509284e-001
-2.537688e-001 9.508819e-001
-2.487437e-001 9.508345e-001
-2.437186e-001 9.507861e-001
-2.386935e-001 9.507367e-001
-2.336683e-001 9.506862e-001
-2.286432e-001 9.506347e-001
-2.236181e-001 9.505820e-001
-2.185930e-001 9.505281e-001
-2.135678e-001 9.504730e-001
-2.085427e-001 9.504166e-001
-2.035176e-001 9.503587e-001
-1.984925e-001 9.502995e-001
-1.934673e-001 9.502387e-001
-1.884422e-001 9.501763e-001
-1.834171e-001 9.501123e-001
-1.783920e-001 9.500465e-001
-1.733668e-001 9.499788e-001
-1.683417e-001 9.499091e-001
-1.633166e-001 9.498373e-001
-1.582915e-001 9.497632e-001
-1.532663e-001 9.496868e-001
-1.482412e-001 9.496078e-001
-1.432161e-001 9.495262e-001
-1.381910e-001 9.494416e-001
-1.331658e-001 9.493539e-001
-1.281407e-001 9.492628e-001
-1.231156e-001 9.491680e-001
-1.180905e-001 9.490694e-001
-1.130653e-001 9.489664e-001
-1.080402e-001 9.488588e-001
-1.030151e-001 9.487461e-001
-9.798995e-002 9.486277e-001
-9.296482e-002 9.485031e-001
-8.793970e-002 9.483716e-001
-8.291457e-002 9.482324e-001
-7.788945e-002 9.480845e-001
-7.286432e-002 9.479267e-001
-6.783920e-002 9.477576e-001
-6.281407e-002 9.475756e-001
-5.778894e-002 9.473783e-001
-5.276382e-002 9.471631e-001
-4.773869e-002 9.469264e-001
-4.271357e-002 9.466632e-001
-3.768844e-002 9.463670e-001
-3.266332e-002 9.460282e-001
-2.763819e-002 9.456323e-001
-2.261307e-002 9.451560e-001
-1.758794e-002 9.445576e-001
-1.256281e-002 9.437503e-001
-7.537688e-003 9.424957e-001
-2.512563e-003 9.393645e-001
2.512563e-003 9.393645e-001
7.537688e-003 9.424957e-001
1.256281e-002 9.437503e-001
1.758794e-002 9.445576e-001
2.261307e-002 9.451560e-001
2.763819e-002 9.456323e-001
3.266332e-002 9.460282e-001
3.768844e-002 9.463670e-001
4.271357e-002 9.466632e-001
4.773869e-002 9.469264e-001
5.276382e-002 9.471631e-001
5.778894e-002 9.473783e-001
6.281407e-002 9.475756e-001
6.783920e-002 9.477576e-001
7.286432e-002 9.479267e-001
7.788945e-002 9.480845e-001
8.291457e-002 9.482324e-001
8.793970e-002 9.483716e-001
9.296482e-002 9.485031e-001
9.798995e-002 9.486277e-001
1.030151e-001 9.487461e-001
1.080402e-001 9.488588e-001
1.130653e-001 9.489664e-001
1.180905e-001 9.490694e-001
1.231156e-001 9.491680e-001
1.281407e-001 9.492628e-001
1.331658e-001 9.493539e-001
1.381910e-001 9.494416e-001
1.432161e-001 9.495262e-001
1.482412e-001 9.496078e-001
1.532663e-001 9.496868e-001
1.582915e-001 9.497632e-001
1.633166e-001 9.498373e-001
1.683417e-001 9.499091e-001
1.733668e-001 9.499788e-001
1.783920e-001 9.500465e-001
1.834171e-001 9.501123e-001
1.884422e-001 9.501763e-001
1.934673e-001 9.502387e-001
1.984925e-001 9.502995e-001
2.035176e-001 9.503587e-001
2.085427e-001 9.504166e-001
2.135678e-001 9.504730e-001
2.185930e-001 9.505281e-001
2.236181e-001 9.505820e-001
2.286432e-001 9.506347e-001
2.336683e-001 9.506862e-001
2.386935e-001 9.507367e-001
2.437186e-001 9.507861e-001
2.487437e-001 9.508345e-001
2.537688e-001 9.508819e-001
2.587940e-001 9.509284e-001
2.638191e-001 9.509740e-001
2.688442e-001 9.510188e-001
2.738693e-001 9.510627e-001
2.788945e-001 9.511058e-001
2.839196e-001 9.511482e-001
2.889447e-001 9.511898e-001
2.939698e-001 9.512307e-001
2.989950e-001 9.512709e-001
3.040201e-001 9.513105e-001
3.090452e-001 9.513493e-001
3.140704e-001 9.513876e-001
3.190955e-001 9.514253e-001
3.241206e-001 9.514624e-001
3.291457e-001 9.514989e-001
3.341709e-001 9.515348e-001
3.391960e-001 9.515702e-001
3.442211e-001 9.516051e-001
3.492462e-001 9.516395e-001
3.542714e-001 9.516734e-001
3.592965e-001 9.517069e-001
3.643216e-001 9.517398e-001
3.693467e-001 9.517723e-001
3.743719e-001 9.518044e-001
3.793970e-001 9.518361e-001
3.844221e-001 9.518673e-001
3.894472e-001 9.518981e-001
3.944724e-001 9.519286e-001
3.994975e-001 9.519586e-001
4.045226e-001 9.519883e-001
4.095477e-001 9.520176e-001
4.145729e-001 9.520466e-001
4.195980e-001 9.520752e-001
4.246231e-001 9.521034e-001
4.296482e-001 9.521314e-001
4.346734e-001 9.521590e-001
4.396985e-001 9.521863e-001
4.447236e-001 9.522133e-001
4.497487e-001 9.522399e-001
4.547739e-001 9.522663e-001
4.597990e-001 9.522924e-001
4.648241e-001 9.523182e-001
4.698492e-001 9.523438e-001
4.748744e-001 9.523690e-001
4.798995e-001 9.523940e-001
4.849246e-001 9.524188e-001
4.899497e-001 9.524433e-001
4.949749e-001 9.524675e-001
5.000000e-001 9.524915e-001
